3.538958098697882519e+02 2.632013399055938407e+02 2.300616043024330111e+02
1.339442531946232293e+02 1.328216091030551524e+02 1.227441440836954598e+02
9.655946254792122829e+01 6.794794716416221547e+01 6.534081559768843306e+01
2.191210346878059667e+01 -6.116706127235433943e-01 1.469472475280200863e+00
2.567556419098739298e+02 2.856877527727167490e+02 1.395039706571481020e+02
1.339319789331938750e+02 1.308376497083603454e+02 1.116517637141556349e+02
6.417932831353205358e+01 7.335569896964280190e+01 5.599136874223007965e+01
-3.284086807305338640e-01 -1.361520178281236393e-01 -2.415214227485574128e+00
1.620057147895825267e+02 2.238228416349457177e+02 6.757344428682235105e+01
1.164192980753874167e+02 1.348624408217064854e+02 1.004126094688701869e+02
5.769590465960323655e+01 7.741994079159940156e+01 4.497466040127486053e+01
-6.345715195968801847e-01 -7.016238459773499470e-02 -6.081606921178331682e+00
8.163704304521547783e+01 1.955675259448262295e+02 3.252013871610913043e+01
9.567423246262744385e+01 1.209283602945328653e+02 8.265450297272379032e+01
4.894648053548777256e+01 6.096881960381821131e+01 3.870535513218620594e+01
-3.094097420746872107e+00 1.835175235802944060e+00 -8.089939912570297764e+00
2.057352628298754382e+01 1.134043209048146252e+02 2.379244008922128018e+01
8.883268396497982167e+01 1.104175177437882525e+02 7.460209993650541094e+01
3.803628461453008214e+01 5.424808490135555417e+01 3.211458939021382974e+01
-7.363865115775228176e+00 -2.234006499294966197e+00 -1.240990263912884828e+01
2.735924916310826305e+01 -7.080000000000000737e-01 2.099638540113698326e+00
6.091253688422729340e+01 9.701484038976400370e+01 7.898771042452379731e+01
3.049892816202118340e+01 4.880251224112788577e+01 3.140957281068228113e+01
-1.131942543654360733e+01 -6.906671061399960898e+00 -9.526569559493930583e+00
3.373055058587039667e+01 1.591419120531206843e+01 5.469599375383916851e+01
6.513558414990441747e+01 8.264757210049592118e+01 9.030656228548710374e+01
2.886626757712193125e+01 3.808410825407172950e+01 4.453607886351117173e+01
-1.237137782598046698e+01 -7.986037904302772716e+00 -6.920255646364148028e+00
3.608140367126488002e+01 1.583084660147184941e+01 1.305253708189259214e+02
8.654689483303016573e+01 7.337262354289389066e+01 1.103044395375808904e+02
2.976249433914491860e+01 3.018635137371797228e+01 5.080334294675392925e+01
-8.578489031153353039e+00 -1.228687764391691495e+01 -5.061195138160586637e+00
6.924121139130019742e+01 3.991289695550748462e+01 1.906843528771265994e+02
1.010965079271135494e+02 8.165627884172332074e+01 1.273383514702400845e+02
4.736667073466509947e+01 3.514812725600259569e+01 5.799381393620693359e+01
-5.100478599718003103e+00 -9.466445456667598179e+00 -1.312530736787992591e+00
1.433432830886377758e+02 9.565759561570860114e+01 2.642492157658971905e+02
1.113117430327209973e+02 9.796773810114551395e+01 1.286398247887762807e+02
5.387207840288308347e+01 4.552391005285166869e+01 6.935838807786844029e+01
-2.483679070479855255e+00 -7.133650098061672828e+00 3.572949713559430696e-01
2.884021797356919024e+02 1.906209459424955242e+02 3.014247616704634538e+02
1.274080354075541379e+02 1.134760674133969900e+02 1.386346697723967623e+02
7.009944684139736637e+01 5.166121592649312078e+01 7.359061255983708350e+01
-5.423562241729902311e-01 -4.793582255426687588e+00 2.761596629526876789e-01
3.309554979943771400e+02 2.331757965995175823e+02 2.303191301720506772e+02
1.578743120865747755e+02 1.239340952833135816e+02 1.230863572901747460e+02
8.551845112605077759e+01 6.111346440669546354e+01 7.613288936095965198e+01
1.292759043130150864e+01 -1.303578234593696372e+00 -1.875961483101483918e+00
