-9.597505953283912561e+01 7.012666070845156696e+00 8.211919934354090955e+00 1.069052181736835294e+01
-1.000000000000000000e+02 0.000000000000000000e+00 9.683504886567977366e-01 3.379724936982209993e+00
0.000000000000000000e+00 0.000000000000000000e+00 0.000000000000000000e+00 0.000000000000000000e+00
0.000000000000000000e+00 0.000000000000000000e+00 0.000000000000000000e+00 0.000000000000000000e+00
-9.725962619325856906e+01 1.501564077844719414e+01 1.480350537060224703e+01 1.643468443464085027e+01
1.375787820863360977e+01 1.721741802872882943e+01 1.718139589954560975e+01 1.753260516107591727e+01
0.000000000000000000e+00 0.000000000000000000e+00 0.000000000000000000e+00 0.000000000000000000e+00
1.067051597772550764e+01 1.446240625411684277e+01 5.021297979956832691e+00 1.619121498513249691e+01
-1.113291446130842210e+01 1.595264757821838053e+01 1.523753318664020995e+01 1.566848135929217634e+01
1.606068303856495305e+01 1.752839305487822941e+01 8.157282725402140500e+00 8.359879087723983915e+00
7.357379329111646271e+00 9.569455443677675532e+00 8.831334900547906486e+00 1.300421640976124671e+01
1.503865343770418939e+01 -2.036119153985401908e+02 1.271616157400425706e+01 8.124986272393542208e+00
-9.126631029097856640e+01 1.678173183941532898e+01 1.525935345593608972e+01 1.722260147582153422e+01
1.765674189898354030e+01 1.807633225413663070e+01 1.687924169359848392e+01 1.615555536994916963e+01
6.044668030803019398e+00 -4.259881424158519536e+01 1.156761642652896604e+01 4.385028099196650153e+00
1.884954197761696548e+01 1.716017071799861071e+01 1.697196235620828020e+01 1.866582581690602893e+01
-1.710053480381421878e+02 1.645714826513408724e+01 1.598551508209157035e+01 1.469514207963305807e+01
1.023828889531136355e+01 -1.080374323203299838e+02 1.448597675889824643e+01 1.160813818863517888e+01
0.000000000000000000e+00 0.000000000000000000e+00 0.000000000000000000e+00 0.000000000000000000e+00
1.940419508950854066e+01 -8.529826224943133184e+01 1.722953098190953725e+01 1.113622944294376182e+01
1.682279403448130140e+01 1.799217543707733924e+01 1.402322906741087571e+01 1.683056835867056833e+01
1.786345067617365601e+01 1.749135971183023130e+01 1.717887765402712219e+01 1.789617300914652276e+01
1.787883936491026660e+01 1.416711643084797423e+01 1.751411243049049205e+01 1.597521393693264002e+01
1.995031710821262294e+01 1.854274765176984729e+01 1.736162824352015832e+01 1.713110318932066889e+01
9.715149807432231555e+00 1.529120912833392687e+01 1.012523397544137360e+01 1.127053731866420883e+01
1.852739777986625569e+01 1.843447182739849666e+01 1.797857930321649178e+01 1.803537116844562860e+01
1.939562141990360544e+01 1.848672097800248082e+01 1.807022270037073142e+01 1.848321829266079064e+01
1.972238698932246237e+01 1.873287963421088520e+01 1.851580658404881774e+01 1.851033930490131496e+01
1.760138703954164185e+01 1.629608951818818952e+01 1.270152468987740058e+01 1.252425279619182064e+01
1.944720202459657798e+01 1.853519785485899618e+01 1.814657485458153019e+01 1.811231205747713702e+01
1.900258887733796698e+01 1.843091833138189983e+01 1.785773177964462377e+01 1.873089756592568023e+01
1.975700337504585136e+01 1.867288281109591708e+01 1.823676017120315862e+01 1.869304920863990915e+01
-1.290480478955076933e+02 1.657654720327975184e+01 1.689401143604286304e+01 1.496240260722884408e+01
7.824157031299247222e+00 9.133740708608623748e+00 3.720061463724340545e+00 1.038461950621730878e+01
3.553462945549795915e+00 4.072503348224226549e+00 1.424924393349990837e+01 1.068055892220245262e+01
1.932900681687794986e+01 -2.409652827739992631e+01 1.836382494658028364e+01 1.500337257308250472e+01
1.729946903103695632e+01 1.755469640684099275e+01 1.640439243599110952e+01 1.610517994531536345e+01
1.816863088928278813e+01 1.778964521309944047e+01 1.815432459318979852e+01 1.795575148588720893e+01
1.933997270609488339e+01 1.845468978206166000e+01 1.848061966041091608e+01 1.896632912347847011e+01
1.996976181249246096e+01 1.896887265360742703e+01 1.896835831328086641e+01 1.833518506536004011e+01
-1.633113600000000076e+02 0.000000000000000000e+00 3.150033612463410737e+00 0.000000000000000000e+00
1.910551335081456159e+01 1.744403994277562830e+01 1.820258323277353441e+01 1.778325055568750912e+01
1.957540631307707812e+01 1.872462275051402969e+01 1.850221001684769107e+01 1.830262950764475960e+01
1.960352030133360657e+01 1.858784240918471298e+01 1.802261663966090310e+01 1.865171197405891235e+01
4.413002768152888500e+00 3.564429383129711582e+00 8.415972889633480669e-01 0.000000000000000000e+00
1.387019348856427747e+01 1.851245725913708995e+01 1.869127435072061871e+01 1.816231752080397044e+01
1.920639966349838446e+01 1.841400589829951429e+01 1.841133590334523618e+01 1.829205032751693238e+01
1.955271163205368978e+01 1.865268211719980940e+01 1.848492537860621354e+01 1.860784465372275065e+01
-1.806351327897491501e+02 1.628484620847409303e+01 1.664196595730183859e+01 1.620258252355511885e+01
1.710483647578571720e+01 1.697457889870711867e+01 1.586972959693989260e+01 1.639996327769008744e+01
-9.787744083182754196e+01 -9.714499127565177616e+01 8.440124722217095865e+00 1.148592786212856875e+00
1.982655090458528235e+01 1.856424624318545114e+01 1.881384050225332416e+01 1.671386560820128153e+01
1.737273576593095115e+01 1.718040078223916467e+01 1.684993696461881996e+01 1.579828430317521892e+01
1.923139508370698181e+01 1.860053969127459794e+01 1.866600339125261598e+01 1.827431911882952775e+01
1.974555570964128748e+01 1.844371002345220845e+01 1.875550413491644974e+01 1.759925929672386147e+01
1.995721649083602856e+01 1.896870975281344585e+01 1.849088657314839068e+01 1.896827728827750192e+01
1.148567275582395575e-01 1.638907562479672464e+01 1.043390623607933776e+01 1.192033135773982622e+01
1.926490712139818484e+01 1.836438149948201470e+01 1.805492898614168240e+01 1.838128178091824694e+01
1.950736945086248397e+01 1.852010238189711444e+01 1.804472958343621514e+01 1.862614475374292056e+01
1.969697177617000960e+01 1.869317957253348439e+01 1.873215085123540291e+01 1.865128103941707494e+01
-8.987637153549076174e+01 1.672443238437664448e+01 1.636103367585369739e+01 1.677675574454223195e+01
1.805672336713296033e+01 1.792995612079239365e+01 1.830939166960550679e+01 1.717202536009828506e+01
1.900328071677801489e+01 1.837992229881454520e+01 1.859703953266940957e+01 1.803073520908392879e+01
1.970532823257435950e+01 1.885395865754685829e+01 1.885597318413027779e+01 1.884644438235435615e+01
