353.90    263.20    230.06
133.94    132.82    122.74
96.56    67.95    65.34
21.91    -0.61    1.47
256.76    285.69    139.50
133.93    130.84    111.65
64.18    73.36    55.99
-0.33    -0.14    -2.42
162.01    223.82    67.57
116.42    134.86    100.41
57.70    77.42    44.97
-0.63    -0.07    -6.08
81.64    195.57    32.52
95.67    120.93    82.65
48.95    60.97    38.71
-3.09    1.84    -8.09
20.57    113.40    23.79
88.83    110.42    74.60
38.04    54.25    32.11
-7.36    -2.23    -12.41
27.36    -0.71    2.10
60.91    97.01    78.99
30.50    48.80    31.41
-11.32    -6.91    -9.53
33.73    15.91    54.70
65.14    82.65    90.31
28.87    38.08    44.54
-12.37    -7.99    -6.92
36.08    15.83    130.53
86.55    73.37    110.30
29.76    30.19    50.80
-8.58    -12.29    -5.06
69.24    39.91    190.68
101.10    81.66    127.34
47.37    35.15    57.99
-5.10    -9.47    -1.31
143.34    95.66    264.25
111.31    97.97    128.64
53.87    45.52    69.36
-2.48    -7.13    0.36
288.40    190.62    301.42
127.41    113.48    138.63
70.10    51.66    73.59
-0.54    -4.79    0.28
330.96    233.18    230.32
157.87    123.93    123.09
85.52    61.11    76.13
12.93    -1.30    -1.88
