2.851371098603559062e+02 2.501354159801505830e+02 2.168141576686051621e+02
-4.999999999999979572e+00 -5.211295763484971921e+00 -6.937220210355714123e+00
-9.999999999996516564e+00 -1.011279885489937236e+01 -1.207253465935092152e+01
-1.499999999999995914e+01 -1.557454709337766197e+01 -1.613086534470063782e+01
2.604485544157934669e+02 2.837772321077680431e+02 2.081953071671189548e+02
-5.999999999999979572e+00 -4.999999999999979572e+00 -7.876055925795558466e+00
-1.099999999999731592e+01 -9.999999999997294609e+00 -1.372519211914729631e+01
-1.599999999999995914e+01 -1.499999999999995914e+01 -1.917560280550383922e+01
2.127447236995884623e+02 2.473268712377273175e+02 1.769865042479940200e+02
-7.289022538270421236e+00 -5.705890385015669253e+00 -1.066746929982384451e+01
-1.232022952174927077e+01 -1.013701737973010175e+01 -1.572889301621169267e+01
-1.738683466110110487e+01 -1.530248584927154454e+01 -2.055812740529076521e+01
1.891473423563875542e+02 2.149296496087014816e+02 1.262218815581751983e+02
-9.583542488108003354e+00 -6.892072966016683289e+00 -1.425310730008679982e+01
-1.456877552196675651e+01 -1.160073558292101836e+01 -1.908029896450617358e+01
-1.950678191504167103e+01 -1.642911807891481146e+01 -2.246263014549609949e+01
1.124577390565967505e+02 1.935540671824570609e+02 9.126433896040755656e+01
-1.166614949596178619e+01 -7.840088122186299913e+00 -1.471375864196689420e+01
-1.679496277155728023e+01 -1.252395820015088468e+01 -1.991657678738738468e+01
-2.196435842435368002e+01 -1.888669078739036777e+01 -2.521939283313624003e+01
6.672075319482107147e+01 1.363235786998533570e+02 8.919119684460126507e+01
-1.477902063179699610e+01 -1.015530028115966665e+01 -1.274157746492168641e+01
-1.973529144163447668e+01 -1.504852343641449508e+01 -1.878579565128450213e+01
-2.491245278531637553e+01 -1.992105531968496024e+01 -2.461236244153993269e+01
8.637282177254530779e+01 9.414764725132079093e+01 1.572307751557417816e+02
-1.498025771767742143e+01 -1.371927417543112604e+01 -9.774314124936775983e+00
-1.989710929422981067e+01 -1.871099519837619241e+01 -1.519600700358235912e+01
-2.529045390141876837e+01 -2.373302484281177982e+01 -2.083712669437060683e+01
1.513264434008657702e+02 9.378186714312298022e+01 1.968701106296523733e+02
-1.235911026250935407e+01 -1.484222455875994484e+01 -8.904613960933730255e+00
-1.692672318424224187e+01 -1.993945936161635402e+01 -1.297300549659005497e+01
-2.164428873958401311e+01 -2.531359913110773618e+01 -1.774994428909213440e+01
1.882132527041443097e+02 1.542342097919276966e+02 2.388058653021593329e+02
-9.324120368246484603e+00 -1.356557166397114855e+01 -6.893412821557665993e+00
-1.439140506728534596e+01 -1.783185281455048710e+01 -1.187804562074111381e+01
-1.954181205429746626e+01 -2.449004661157750817e+01 -1.698540390896088681e+01
2.345115601044095115e+02 1.900690836036381484e+02 2.637223977185674357e+02
-7.340977958576879736e+00 -1.052191760477969318e+01 -5.199202833302848603e+00
-1.230789550240186436e+01 -1.544634865940549062e+01 -1.029800448451035244e+01
-1.736770181965453830e+01 -2.086512896868731559e+01 -1.587219028806652865e+01
2.639307461831232899e+02 2.235543647276336685e+02 2.855465182286912977e+02
-5.999999999999979572e+00 -8.643357350616891921e+00 -4.999999999999979572e+00
-1.099999999999637090e+01 -1.348085256809635979e+01 -9.999999999997044142e+00
-1.599999999999995914e+01 -1.766993177451588082e+01 -1.499999999999995914e+01
3.492957710506886428e+02 2.400087497619455803e+02 2.461631941278726856e+02
-4.999999999999979572e+00 -6.564652006499360759e+00 -5.434073871308919834e+00
-9.999999999998705036e+00 -1.205004756010718481e+01 -1.034449034064949480e+01
-1.499999999999995914e+01 -1.704433819006833417e+01 -1.519850038075765220e+01
