-6.753661045704717480e+01 1.164028278921338888e+01 1.715058831605883682e+01 1.236750056508073570e+01
6.654713069097767608e+00 9.516275704979150873e+00 1.544897167365671820e+01 1.050873832092683458e+01
6.559778533656865029e+00 6.973078065746344256e-01 2.404159481654308372e+00 3.768068538506422982e+00
6.520114749423885137e+00 -5.768252629386138608e+01 8.336322084624718798e+00 1.699794323822482411e+01
-1.029786316055684097e+02 1.683303183709442763e+01 1.719945539638419874e+01 1.689647232500993113e+01
1.845203114883846141e+01 1.703153200397169087e+01 1.720771094453932548e+01 1.862407843488178116e+01
1.331877706678189099e+01 8.045721908327635674e+00 1.627560362934070071e+01 1.216221923524435589e+01
1.988626931673782039e+01 1.144624575275117806e+01 1.752856664554306931e+01 1.617684156746976853e+01
-3.470621150154428847e+01 1.781062930527767918e+01 1.707505852591860673e+01 1.846173900955253089e+01
1.932446980891317523e+01 1.837258788106733576e+01 1.749756965325929414e+01 1.841162641314307180e+01
1.824624953817268747e+01 1.771740004390589363e+01 1.730504232926786301e+01 1.855316326556387452e+01
1.983722015708890041e+01 1.879242139310318294e+01 1.809738107802459695e+01 1.869830285154088045e+01
1.186018398419199826e+01 1.794870633051600350e+01 1.740829286105164542e+01 1.880285361358926011e+01
1.964256241586972607e+01 1.519523217512919366e+01 1.770580355305652986e+01 1.884966282380562319e+01
1.970229974270381135e+01 1.869596076353840886e+01 1.794472152840896584e+01 1.868212823989238558e+01
1.993353355384819281e+01 1.889110899397895338e+01 1.823879166847980215e+01 1.883189860616334244e+01
1.780871567412226852e+01 1.762154146696440904e+01 1.853293217718457697e+01 1.700792554853326877e+01
1.836851461755343706e+01 1.364338945638528244e+01 1.847152506717896969e+01 1.719614510403548380e+01
1.581778168105017457e+01 -5.223193528723672330e+01 1.472027557918680785e+01 1.822435778615472302e+01
1.988744384909415430e+01 1.614508192503453188e+01 1.802615062837096005e+01 1.841487539174589116e+01
-1.245655546052216494e+02 1.745004718626907092e+01 1.792600635034727929e+01 1.760740981870208799e+01
1.870921834005128304e+01 1.787661164529003699e+01 1.816594191879807241e+01 1.800461887845357367e+01
1.963500925790367546e+01 1.857107016899568919e+01 1.820515832760230168e+01 1.828949708566716481e+01
1.981953374538437274e+01 1.705720838650183069e+01 1.854472557532994870e+01 1.867682362991192946e+01
1.807273141614895096e+01 1.789636039939288636e+01 1.699589988880174118e+01 1.758569880395488383e+01
1.891347383272696447e+01 1.815335717291105055e+01 1.793537404536656510e+01 1.852802000533485227e+01
1.954133994003828789e+01 1.853910248415572326e+01 1.829996492886166237e+01 1.876127714583160966e+01
1.990463568992226229e+01 1.887570575241525717e+01 1.858085393049714540e+01 1.870212911481457851e+01
-4.768210268360430604e+01 1.797836212216293461e+01 1.737890511425191065e+01 1.844050270963769833e+01
1.922845212326202002e+01 1.850631917803362825e+01 1.807613808079236861e+01 1.882520549631862039e+01
1.983763924999242434e+01 1.876751965999006799e+01 1.841454026175277292e+01 1.886254141519669858e+01
1.994370222300051054e+01 1.894744555489059223e+01 1.877867933290997726e+01 1.879982759680409643e+01
1.813791144432766345e+01 1.771831429855224727e+01 1.861841983887023133e+01 1.726981133429942972e+01
1.963132974462427072e+01 1.845997783297803352e+01 1.881040562158447571e+01 1.760615138143504055e+01
1.947673007877483897e+01 7.137582764627351750e+00 1.850341040789241731e+01 1.770538482679200953e+01
1.991083743233984649e+01 1.524988167146309337e+01 1.869634729170649834e+01 1.855894379612275102e+01
6.980840264544518448e+00 1.792193999493420264e+01 1.842587530292386333e+01 1.710556166395772237e+01
1.888876725083603247e+01 1.822893762630520342e+01 1.881366508589785269e+01 1.794074569280787657e+01
1.944214823121790303e+01 1.861973429978990779e+01 1.860943479990877236e+01 1.847607711554991283e+01
1.985603353113081937e+01 1.883290109078603081e+01 1.855230891545052785e+01 1.832594652286174153e+01
1.816881376983351259e+01 1.760243593577479615e+01 1.773603632994085189e+01 1.767806658335839032e+01
1.850865465779612862e+01 1.791983573543597430e+01 1.827779079086500857e+01 1.821093816058514392e+01
1.956917502901346495e+01 1.862656564000824488e+01 1.851407943259833289e+01 1.873122883712095188e+01
1.985578829307937099e+01 1.889083865860556344e+01 1.864782801959469438e+01 1.875993523537521668e+01
1.710482743256504534e+01 1.807155525514950867e+01 1.752037594184141867e+01 1.809223215409938135e+01
1.928119619846463806e+01 1.831649379669525857e+01 1.816773931633672134e+01 1.871350960967956212e+01
1.973694591160991507e+01 1.872275213205895739e+01 1.850240934510206614e+01 1.883699421752810110e+01
1.987204621843163466e+01 1.887656348037675613e+01 1.873800153524515011e+01 1.879852203011237677e+01
-9.171620397199055219e+01 1.799927887924758707e+01 1.881796691583745584e+01 1.726356642443732881e+01
1.980256699671048537e+01 1.879236399358821430e+01 1.887479111808055876e+01 1.772090517182483538e+01
1.968640872926552987e+01 1.873010219704697477e+01 1.867867591523412329e+01 1.839254315097540271e+01
1.989925913458612783e+01 1.879449547556488653e+01 1.883458201854738689e+01 1.840596100616862785e+01
-2.794843271512234217e+00 1.818062689379872054e+01 1.881332718115250202e+01 1.738688429575522676e+01
1.931339661136526331e+01 1.844230552787240285e+01 1.874760946699124275e+01 1.803346245213393573e+01
1.963831674897774349e+01 1.870498106284574646e+01 1.887473516549341923e+01 1.847708038418800669e+01
1.993353585398301675e+01 1.890251210624299105e+01 1.881056839929958002e+01 1.860251449071493113e+01
-2.078266994860765493e+01 1.781125481924270915e+01 1.842621972527793162e+01 1.779956261231623671e+01
1.930337938823285526e+01 1.831130747675768333e+01 1.847766230491776795e+01 1.821396028742562123e+01
1.959929355237061088e+01 1.870776658379256219e+01 1.881991679818014518e+01 1.847965860438161911e+01
1.978731607416348126e+01 1.889683319125885319e+01 1.873225140668422029e+01 1.866893927250293928e+01
1.473628137257088255e+01 1.767463917548538888e+01 1.819490253104615363e+01 1.751025539094207062e+01
1.899284232607321243e+01 1.804285006015730985e+01 1.836445635520325226e+01 1.835704359141573150e+01
1.933342442794816307e+01 1.851537198297021902e+01 1.863542978543705786e+01 1.868332531925557660e+01
1.966490105170866798e+01 1.871066975979902836e+01 1.880428265416986733e+01 1.875928494138140934e+01
